name: jade
channels:
  - conda-forge
  - defaults
dependencies:
  - atomicwrites=1.4.0=pyh9f0ad1d_0
  - attrs=21.2.0=pyhd8ed1ab_0
  - ca-certificates=2021.10.8=h5b45459_0
  - certifi=2021.10.8=py38haa244fe_0
  - colorama=0.4.4=pyh9f0ad1d_0
  - cycler=0.10.0=py_2
  - et_xmlfile=1.0.1=py_1001
  - freetype=2.10.4=h546665d_1
  - icu=68.1=h0e60522_0
  - iniconfig=1.1.1=pyh9f0ad1d_0
  - intel-openmp=2021.4.0=h57928b3_3556
  - jbig=2.1=h8d14728_2003
  - jpeg=9d=h8ffe710_0
  - kiwisolver=1.3.2=py38hbd9d945_0
  - lcms2=2.12=h2a16943_0
  - lerc=3.0=h0e60522_0
  - libblas=3.9.0=12_win64_mkl
  - libcblas=3.9.0=12_win64_mkl
  - libclang=11.1.0=default_h5c34c98_1
  - libdeflate=1.8=h8ffe710_0
  - libiconv=1.16=he774522_0
  - liblapack=3.9.0=12_win64_mkl
  - libpng=1.6.37=h1d00b33_2
  - libtiff=4.3.0=hd413186_2
  - libxml2=2.9.12=hf5bbc77_0
  - libxslt=1.1.33=h65864e5_2
  - libzlib=1.2.11=h8ffe710_1013
  - lxml=4.6.3=py38h292cb97_0
  - lz4-c=1.9.3=h8ffe710_1
  - m2w64-gcc-libgfortran=5.3.0=6
  - m2w64-gcc-libs=5.3.0=7
  - m2w64-gcc-libs-core=5.3.0=7
  - m2w64-gmp=6.1.0=2
  - m2w64-libwinpthread-git=5.0.0.4634.697f757=2
  - matplotlib=3.4.3=py38haa244fe_1
  - matplotlib-base=3.4.3=py38h1f000d6_1
  - mkl=2021.4.0=h0e2418a_729
  - more-itertools=8.10.0=pyhd8ed1ab_0
  - msys2-conda-epoch=20160418=1
  - numpy=1.21.3=py38h089cfbf_0
  - olefile=0.46=pyh9f0ad1d_1
  - openjpeg=2.4.0=hb211442_1
  - openpyxl=3.0.9=pyhd8ed1ab_0
  - openssl=1.1.1l=h8ffe710_0
  - packaging=21.0=pyhd8ed1ab_0
  - pandas=1.3.4=py38h5d928e2_0
  - pillow=8.3.2=py38h794f750_0
  - pip=21.3.1=pyhd8ed1ab_0
  - pluggy=1.0.0=py38haa244fe_1
  - py=1.10.0=pyhd3deb0d_0
  - pyparsing=2.4.7=pyh9f0ad1d_0
  - pyqt=5.12.3=py38haa244fe_7
  - pyqt-impl=5.12.3=py38h885f38d_7
  - pyqt5-sip=4.19.18=py38h885f38d_7
  - pyqtchart=5.12=py38h885f38d_7
  - pyqtwebengine=5.12.1=py38h885f38d_7
  - pytest=6.2.5=py38haa244fe_0
  - python=3.8.12=h7840368_2_cpython
  - python-dateutil=2.8.2=pyhd8ed1ab_0
  - python-docx=0.8.11=pyhd8ed1ab_0
  - python_abi=3.8=2_cp38
  - pytz=2021.3=pyhd8ed1ab_0
  - pywin32=301=py38h294d835_0
  - qt=5.12.9=h5909a2a_4
  - scipy=1.7.1=py38ha1292f7_0
  - setuptools=58.2.0=py38haa244fe_0
  - six=1.16.0=pyh6c4a22f_0
  - sqlite=3.36.0=h8ffe710_2
  - tbb=2021.4.0=h2d74725_0
  - tk=8.6.11=h8ffe710_1
  - toml=0.10.2=pyhd8ed1ab_0
  - tornado=6.1=py38h294d835_1
  - tqdm=4.62.3=pyhd8ed1ab_0
  - ucrt=10.0.20348.0=h57928b3_0
  - vc=14.2=hb210afc_5
  - vs2015_runtime=14.29.30037=h902a5da_5
  - wheel=0.37.0=pyhd8ed1ab_1
  - xlsxwriter=3.0.1=pyhd8ed1ab_0
  - xlwings=0.24.9=py38haa244fe_0
  - xz=5.2.5=h62dcd97_1
  - zlib=1.2.11=h8ffe710_1013
  - zstd=1.5.0=h6255e5f_0
  - pip:
    - numjuggler==2.42.35
    - pathlib2==2.3.6
prefix: C:\Users\d.laghi\Anaconda3\envs\jade
